-9959
8467
-3666
-3501
9169
5724
1478
-643
-3039
-5537
-4295
-1856
-6720
6827
-39
-9509
-7005
1942
-5173
-4564
2390
4604
-6098
-9847
-9708
2382
7421
8716
9718
9895
-4553
-8275
4771
1538
-8131
9912
-4334
-3702
7035
-106
-1298
-6190
1321
332
7673
-5336
5141
-2289
-1748
-3132
-4454
-2357
2661
2756
-9964
2859
-1277
-259
-2472
-9222
2316
-6965
-7811
-8158
-9712
105
-960
-1058
9264
-7353
-2555
-6196
5890
-3271
-5631
5350
5006
1100
-5608
-6452
9629
2623
-5917
9954
8756
1840
-5034
-2624
3931
-3693
6944
2438
-5375
1323
-4463
-8463
6118
-7918
-7072
6541
-5167
1114
-5361
-343
-7297
-70
3977
-7694
1672
-7615
-4979
-1256
-3077
9072
-3730
-4171
-3224
5573
-4903
6512
-6015
3290
-839
8636
-7646
-5234
-6346
5574
-5969
2052
-2651
-8850
6941
-8277
3966
-6570
1106
190
8007
1337
5457
2287
-2248
383
4945
-1091
2208
-242
-5780
8588
-3578
-5055
-2495
3030
6413
-833
-9100
2590
8762
-8345
7410
-3641
-2377
-9464
-8453
-3517
-2406
-5959
-6398
-5651
291
835
-626
1020
-5404
-5980
-2653
-6802
9668
-5517
-1719
-5266
-9947
-8001
-3583
-2063
-3100
-6212
8127
-9533
-6272
4893
-5353
-7518
7807
-7579
4310
-3383
-7188
-486
4309
-2384
8935
7451
-9401
-4751
6519
1555
-7203
302
-3776
1008
-4156
2608
4989
2701
-6805
-9516
-6907
4343
522
-8413
-687
-497
-2552
-4801
3458
-3382
-9421
9796
4798
5281
9589
-9203
-1992
-2844
-9529
-6379
8538
2292
-3962
-5822
8190
-344
-2042
-3809
9815
-7113
9156
1511
6202
-7366
-5729
-9946
-9673
-7355
-3639
-5114
8875
-1568
-132
-9859
-6157
-8584
-8120
1997
322
8651
21
-4301
-6443
-1525
-2109
-5612
-4925
712
-7400
-7490
-8998
-3132
7861
4688
3401
-211
5255
6423
-4998
585
-5819
285
-2913
1425
-1384
-6244
-168
931
-5831
-7846
-4280
7189
9976
1328
-7632
-1309
-8576
555
-6566
6549
-2559
-488
144
8060
-8283
-6247
6139
2423
6279
-4005
6687
2529
-7452
7437
9866
2949
-9807
-6806
-6703
-9585
-1715
6105
-5513
6282
2455
-4267
8114
1701
1315
-9330
-4214
2263
-5687
-5646
1184
-9948
-9088
808
-8168
-9056
-5687
-2245
-1680
9558
-6355
-2019
-9519
-5856
-6805
-9779
-2871
-7839
-4465
-9551
1173
466
2044
-8342
-3709
-3562
7253
-9977
-3847
-491
-5255
-9352
3186
-1687
-5526
-1979
-7832
4018
8787
-95
7958
-2609
202
-6375
-3524
-5586
-686
-4177
-667
-4127
-5629
-9842
1833
-1931
-2513
-1704
-2482
-1823
7773
2269
-8237
-7332
7192
3985
-6898
-1520
-788
-2373
-5198
-5901
526
-7375
-8457
-8076
1023
-29
3061
4181
1002
-2569
7505
-2408
-7276
3031
-1508
-9858
7222
1285
3064
-2100
9187
-1640
-7588
973
4270
-831
-9765
832
9711
-4241
8896
-5333
-2715
2550
-9860
3694
-7305
-8377
-1982
-7875
-3425
-8307
-7343
-3699
7371
-7535
-5322
-7408
-6150
-4517
-8982
-1537
-8882
-6849
-7200
8087
1059
-8074
-990
-5243
2169
-9686
-424
226
2043
-7243
-2836
-4891
-2118
7086
-436
-6513
-424
4474
-7375
-4374
-4371
1927
-4578
-1481
-3098
4962
-9877
-5405
-6263
3261
195
2524
-8736
-1740
-3798
-1884
-4970
-9675
-990
770
-3589
-4454
-8848
-8481
-211
4924
187
-8238
-5060
-9150
8662
3829
899
7713
8958
7578
-1635
3007
1477
-8800
-3943
-3561
-7697
2760
9357
-7676
-3523
-4892
-8888
4887
9801
-7151
4460
-7573
2993
-2617
9405
-3460
1110
-1297
2835
2355
-3928
-651
8823
4485
-9445
-6785
-8374
-643
-1474
3357
-664
-6730
-6132
-640
2896
3022
-384
112
2717
8696
1585
-5960
-5578
-5872
-5772
-5435
-3441
-1068
-7705
-146
2053
6962
-6416
-267
-3346
6972
-8544
4369
-7469
-7037
-7393
-7517
-9089
1635
67
-7153
-5325
2938
-7777
-7859
-6247
-3489
-7260
-9826
-8542
7825
-6779
7870
-8374
1933
5205
1782
-6151
7398
-7722
-7300
2193
2734
-8363
-3467
-4444
-8007
176
-4296
-3038
548
5881
-9700
4413
6641
9855
-5146
3142
1462
-2390
876
-9577
2677
-8248
8443
-1705
2673
40
-687
-9125
-9929
2818
-9390
-8983
4932
-1889
694
3169
-6170
-9961
-3513
-1316
9090
9497
-7411
-4011
5145
9353
9314
8651
-3261
-7957
1258
-9665
-1241
1192
-2395
-4737
2181
-1498
-6171
-6226
-9393
-709
-4003
7549
-445
-4440
1626
-3533
-460
-3872
1239
-2188
-827
-9400
-3923
-9786
-1317
-1787
-6009
-4177
-4399
-6609
5759
-7330
-3573
-1974
-5916
75
8786
5498
-5031
-3713
-6154
2603
-9497
-8780
-7338
-4294
-7637
-990
-7830
-2512
8240
2164
-4459
-2381
-9088
-2409
-3296
1817
-768
-9250
-4796
-5025
-8461
-9697
1422
-8903
1247
3584
3648
-7029
7864
-7088
1075
-8456
-1289
7546
8678
-8231
5262
-1481
3985
-1712
5944
-7135
8540
-6756
-4493
-1683
-2131
-399
-1678
-8869
-5529
-2849
-4914
-1431
-238
-100
7103
4423
-6473
1600
-3032
4015
-4435
-9972
-8458
-4654
-7912
-7057
2637
-7592
-3538
-4951
-5319
-8412
1342
-9392
2059
-8780
-8242
-47
-9113
4146
-9310
-2051
2843
-8571
-4381
-9252
-2934
-5464
-9218
8035
2225
5185
-2962
-147
-4372
1224
5748
9923
-6641
2256
-5235
-5056
4955
-6683
2725
-4590
-8976
-9646
1000
-7452
-504
8584
-485
7964
-6659
-1925
7913
6142
1195
-8053
-4929
-9575
4606
-3828
-5572
2403
-3295
-9375
-189
9375
92
6565
6036
4736
-860
813
-4006
-1744
-3348
-6065
837
-9519
-8645
-8986
-8869
8230
7841
4625
-7989
2636
-5814
9690
-8350
-4338
-8367
893
353
-8585
3452
4008
-2738
-7768
-4546
6303
6634
-3698
4256
-9852
1124
2317
-5787
-2892
-5973
-801
-8921
-8683
6858
-5951
-5846
1360
5264
1903
-6324
-358
-3092
4902
-6439
-1512
-5053
-8718
3653
673
-7780
-4598
-3077
-6169
9369
-6122
-9742
9008
-7382
-6030
2
-8056
-219
-3497
2392
2684
-4688
-3302
-4411
2722
-4062
9037
-3590
1460
-3766
2508
-39
-6041
-3507
-8485
-4732
-5064
-1132
-9942
4700
3971
-3737
5117
6215
-5446
-2185
8330
-6961
211
-713
-1919
-8046
6085
-9291
-5517
-5227
-1620
-186
-4050
-3459
8115
-8321
7110
-4103
-6928
-9212
-6024
8132
-45
-1312
-3888
8
2941
5790
-8277
-8638
-9972
-4817
-5223
-2800
-4929
-8115
-8027
-8929
1333
-7134
-3848
4295
2167
-9176
-324
5629
-1351
-7402
-6691
-5307
-5314
79
116
2249
-3334
-8472
-3322
-2136
-580
-1595
-1174
-3184
-2484
-2275
-1335
-914
-2320
9964
-8660
-4314
-3979
1662
4721
-3936
-692
-9586
7902
-128
7124
-6060
2744
1761
-1578
-2470
-5194
2268
-682
-4398
1906
-5694
-6520
-8988
-8865
-3371
-5887
-3192
-5916
-6445
2290
-8708
-5
-849
-8946
-4656
4708
-9752
-2509
3712
-4869
113
6439
-2042
-5279
-297
-3005
-8948
-4732
-2521
8238
-3578
-2083
866
7659
2497
-1515
-8805
-2538
-3368
2158
2022
-8854
8392
3037
-6075
647
-543
-3398
806
-5902
-2171
-709
4600
-2722
-9202
8352
-9553
3882
-9460
-1686
-5425
-1238
-433
-7665
8397
1417
9897
-4173
3851
-3185
-5771
-5551
6925
-9342
-9771
-5481
940
-441
5147
-4839
-8345
-9326
-9208
-7640
1753
6398
-6855
-1286
-3055
-8813
9569
-1362
-2338
5075
-5486
1521
-9525
5615
-9473
3234
2570
-9095
-536
9557
-1039
4161
523
2549
7469
-9670
1922
-1651
4333
-7076
910
9737
6336
8337
-8722
2393
-2364
713
-1837
1590
9949
9135
-7495
3337
4
6337
-7377
-1337
-30
-4393
567
9281
-2915
-848
8373
-1349
-1806
-124
-6175
-1605
-2428
-3751
4640
-827
8819
-9057
2610
-8059
-9712
-1581
-4435
-6195
-2415
6216
1449
-8385
-7391
1064
-834
6893
6074
3509
299
9695
-427
5589
3161
1171
7968
-2643
-3970
-3733
9426
-1491
422
773
-1221
909
-6449
-5818
-4610
5495
-4236
-9126
-8636
4902
-1746
-5540
-9526
-3028
-3180
-3879
-4454
-8424
-211
-4396
194
-2407
-2050
6343
-9246
-7519
-8988
1672
-6562
3428
-4088
-238
-4033
-5593
-5585
-8092
7223
1759
-3567
-4796
-515
-5681
-9042
-4055
-3195
-1834
8700
1367
7692
-8214
-1469
555
973
-6553
-4979
8283
-3779
-670
-7624
-1418
-3053
2723
7982
-7983
4776
-780
1110
2181
-6145
9490
-1075
-5676
-3514
9677
5969
1643
-2466
5677
-7333
1067
-8010
2195
-2217
6828
-2273
-575
5871
697
7612
8703
1027
1408
-4455
-492
-2815
237
-5764
-3558
-8688
-7500
-1150
-4873
-7889
-6351
-1852
1192
-8546
5869
-9319
-2536
-9734
7713
9793
8634
-4529
-9029
-7171
-5100
-1559
-4823
3877
-4231
-9298
4364
-8619
6590
-1177
-7763
-1977
2178
6595
-9832
-7673
2042
1309
-1819
1058
-2074
-513
-8330
2527
-4349
-7742
-2787
-140
-4218
-8715
-7258
-1390
-5528
-2872
8434
-4159
-9283
-6497
4867
-5136
938
-8119
-743
-7251
-1387
8598
-1543
-7339
-3938
2755
-9194
-9723
9489
9435
-3635
2074
-2414
-8614
-2167
-1640
3330
-3953
-1072
-509
2433
-6161
-3234
-8265
9810
1599
1837
-8109
1981
-2672
-649
1369
1243
-8207
-3392
-748
1647
7432
-465
-2792
-6736
-6503
-6758
-2352
-7986
-3160
-9811
6100
9812
647
-477
9851
-5527
-1368
-110
-2801
9854
-10
-4304
-5081
7780
-7423
2931
2543
-6660
3487
-9101
-7476
-1517
-4462
-2508
-3807
-1749
-4990
-8440
5834
-8160
1496
-7215
8529
1539
8805
-1210
3392
3210
3549
-8423
-3022
970
-723
-9927
-9808
-8380
-8504
3826
1275
9790
-3418
3578
1159
-9583
-3512
-9841
-6551
2924
-928
380
-2993
-2034
208
-3523
8503
5370
2606
4196
2074
3722
2611
9019
-1240
1056
2890
1162
6683
3716
9932
-4549
-7259
-5046
-3187
-7138
396
5460
-9386
904
-7401
-9865
-5320
-802
-2969
4387
2583
-2760
-6483
7006
-1330
-9759
8882
-4752
-6477
1757
2105
-380
7095
-2704
-84
5678
178
3579
-4943
-2424
2750
4007
-6272
-5920
-7005
-7322
-5325
-2248
-9102
1784
5565
-6907
3608
-3828
1243
-72
-2486
168
-4945
1191
-4027
-1078
-3252
-4349
986
-7856
6446
1576
-3484
4629
-85
-4126
5791
5469
-7089
-1854
692
-909
-185
-3052
-3144
-9361
-3949
-9764
-1449
-513
1225
-1839
6955
-6818
-1606
179
6097
-6935
-2936
-7487
-739
2578
-8923
6878
4140
-5389
1946
-7555
-9830
-26
3489
-5251
-3851
-6667
3865
-7787
7282
-2994
-2569
-1104
6367
-1479
-5118
1809
7641
-2769
-7813
-3295
-3521
-3679
-3462
1350
9447
-5793
-354
-7725
-4242
188
421
-2335
-1514
-6545
-7972
-387
-5140
-748
1777
1347
2503
861
-7570
-919
2455
4197
-7895
-1248
5821
7296
-3720
-3980
-5546
5947
-2877
8318
-865
1376
-8226
-142
-5003
2074
-747
-3078
635
-8357
-1113
-1847
3232
-5253
-1321
9926
-4323
-3550
4801
-5040
4199
-9146
-3638
-4284
573
1560
-6756
-3527
-1727
-8450
-5648
-8819
-5713
-7301
8110
8643
7465
-2828
-7471
-19
-7888
3476
-5619
-1753
-3111
6671
-1195
2371
31
-6011
-680
-6836
5431
-342
1293
7206
-3423
6948
-7794
-2830
8166
-6604
6697
1019
-6307
5529
4788
108
7984
1969
-1023
-8384
-5985
6626
-6316
-832
7906
-4073
2097
-1883
-5611
5199
1785
4486
9199
2420
-9291
8271
5813
-2586
-3915
-9682
-6420
-8669
-2733
-1613
3444
-6815
4507
-5640
7827
-1927
-3570
-2848
270
268
-5307
9885
-9663
1310
7604
2677
-9594
-2232
-979
9413
-5000
-9458
7537
37
-8613
-2645
3289
1646
-6819
3093
6584
987
761
-9508
-1783
-499
7482
-554
5665
753
-7897
5084
9095
3525
220
-6036
-8220
-5128
-1894
-6344
-6657
-7408
-2921
6080
4868
-8590
3713
-9033
-6749
-2785
2079
-1233
7040
1530
2933
-6222
-9338
2259
-3348
-2065
-7905
-5636
1874
-2280
-3166
-4321
-1024
8455
-4275
-5929
-5193
3559
-844
-4398
7832
-2095
440
-2625
-8439
-7116
-8039
-8921
-8164
797
1201
508
80
-4660
2076
-942
1492
-2260
-1454
-9527
-5228
9097
-1120
-6666
1072
-6601
-9293
-7046
-9335
-5859
-6413
2481
7168
-1686
9396
6225
-8991
-7989
8136
1455
8762
-4958
-9258
-9979
7922
-5489
-752
-3983
-2633
-6284
-286
7650
3290
-6665
2759
-6831
-8106
-4697
-7361
-8022
-5802
-896
-5210
8661
-1319
-6348
-1247
-5968
2028
5987
-2958
-3748
-9918
1420
5814
2717
2244
1062
-2771
-9349
8864
-5231
469
5005
-8954
-8406
-8514
-5675
-6724
-8678
-3460
-2321
-6011
2587
-5291
-730
7945
-780
-1531
-9818
-6412
-6046
-5022
-5222
-4994
3262
-9866
-6514
-2805
-968
-7912
2935
9779
5993
4790
-5039
8965
1001
9105
1807
-5434
-7331
-6866
2670
-8543
2998
-6455
3597
4218
-1162
4844
-2628
-1437
-8973
-737
-1200
4723
3490
-2396
1600
-5774
1197
-6309
9771
-9638
-700
-7638
-2279
-6435
7421
-6556
8610
-9505
6741
5022
1811
-850
-6986
-1945
-6607
-1262
5279
9882
-8392
2654
-6178
2706
-5756
-8662
-9856
-7711
1338
-6847
-5397
-5377
-7776
-9923
-8277
1980
-7670
-268
-1778
-9407
-871
8846
-5013
-556
8805
-1384
-4250
-9512
-2663
-8038
-1866
4697
2208
-8371
-6777
-8092
-3264
-5527
1919
-2629
293
-6145
-3266
-439
1055
-2395
-1816
-2925
-1619
4119
-3259
431
-5317
2779
2279
8283
-9334
835
-5876
-5883
2737
8028
2118
-9424
737
4091
-9445
-7206
6060
-8100
-1207
-6568
-7864
-5420
4875
-4093
-8817
-1927
-1281
-3211
-9525
40
-6649
-1671
6290
-7027
-6929
-6409
2189
5787
1489
-6761
4893
-6947
7063
681
-4098
-2996
-5825
8479
-8305
-3861
2467
3998
-8918
-6362
-486
-2380
-8
5826
5722
-6163
-5173
2581
-5602
-1022
1891
-8977
-3058
-5167
4243
-2651
-7298
-1293
-9499
-4860
687
-1654
5891
-5364
8413
1400
-7185
1689
3162
-1065
-875
9410
9877
1382
-3741
-2812
-3296
3874
-7337
-9279
2194
-7435
6360
-3962
8588
-2189
-1756
-533
2424
-3134
3189
542
3063
-8454
501
-384
-901
-4978
7226
1202
47
-8950
-8430
-1364
-542
-4034
-1544
-595
1531
-39
-3182
-2025
556
-2469
1494
-1956
590
-3198
-6612
8915
-2550
2319
-3728
-4210
-618
133
-8225
-5359
-6432
8300
7954
2078
-6415
-7743
-4668
-9107
490
103
-5250
7233
722
-5730
9611
8990
337
-8360
-6743
9047
-7648
-342
-9521
-4699
2682
8990
2
5568
-5578
6895
-3865
8008
2361
6742
-7807
-6302
-6813
-9823
-5958
1356
-6060
-8153
-2531
6345
-5620
1912
4964
-4291
-9940
-4616
-9928
-2497
-538
2702
-1899
1069
-4846
-6471
1551
2073
9149
-6270
-7756
844
3049
4118
-5936
-3638
9552
-1228
8470
-270
-3253
-2489
-4131
4398
498
-2897
-2649
-4322
-1948
3043
4522
1087
-8437
-4167
-150
7022
-2760
-8090
-508
-4349
-1421
5477
-2385
-125
9178
-4780
4615
-7653
-3203
2178
1634
6857
-7117
-8338
8902
-1739
9420
9770
9022
-727
-4160
2686
-1113
-6083
1716
-8108
3698
1267
1749
-9935
389
-3068
-4382
6081
-7997
-871
3028
8631
4589
-6849
8630
9172
9864
-3593
2295
-4573
-320
8490
-3391
-3824
1070
-4765
-3541
-9358
6840
-2368
-2964
-6108
-7371
-9727
2993
-1219
2202
7461
-1710
9662
-7694
-9004
1150
8423
-1110
6717
-3360
-1298
-4434
-5117
-6340
-7342
8245
-9615
2650
2764
9601
6840
7209
-8503
-2718
-751
8058
-1579
-9825
580
-3214
-6729
-5713
-2002
2504
-5022
-7862
700
-9470
-7539
2118
-9795
-2460
8828
-5542
1622
4398
-6240
-2903
2935
481
613
9567
8493
-1405
9161
-2254
538
-2330
-9463
-8525
-8446
-5084
6371
6760
-4248
3758
5433
2254
-936
-9274
-7599
-6966
2759
393
547
-2728
8792
6193
2933
136
7103
-6310
-1790
3694
-5333
2626
-2502
-9011
5248
-6121
1647
1149
930
-9331
874
-4403
-4552
-4565
-5402
-9878
-8557
-8269
8154
-7140
-5566
-615
-6034
816
1393
6704
-135
952
307
-1778
8684
791
-7334
48
2468
3930
810
9814
6090
-4573
-6258
-8396
599
6474
-2805
-9494
-4842
7589
-142
-2192
7889
1447
-9960
-6182
-636
7975
-9974
-4912
-7497
65
-3589
-3160
2570
4676
-4606
-1360
-15
7651
-8892
-1813
-9918
-8916
-6611
1249
8686
-5245
1381
-1873
-4499
-5724
861
-3577
-6435
-6128
-9168
884
4428
-3354
-9112
-3522
883
-5076
-8736
1259
-4955
-9223
-4179
3855
-7480
2927
-5228
-4867
-2750
-7326
3336
6334
-9000
-7263
-690
-4026
-2410
-9645
-8929
2079
935
2144
7282
-8175
8718
3573
-5288
3037
-5002
-95
-2838
-8283
-1308
9539
-1954
946
9103
230
-5886
-9161
-4143
-9172
-7355
-6606
7199
9645
4272
-9325
-8139
2071
3773
-7520
1238
-3104
-6458
-393
9203
-6724
-3875
-9867
-8599
-922
8382
-9832
-9265
-2523
7939
-8863
8721
1425
663
-8323
-8426
-3276
-4020
-2301
-2039
-1139
6002
8448
-4906
-9316
-5985
5137
-493
3993
-8717
-7056
258
-9179
-2942
-5358
7668
677
-9881
-144
-6960
-1109
-4737
-8377
-3085
-1928
7929
-9159
-5285
7615
2536
4957
-2242
-9300
3452
-4907
-5760
1829
2448
-4773
1798
6224
324
2274
8133
-7116
5038
2170
-3138
2628
-4916
1909
4878
-3077
-2916
-601
-6977
4193
-6896
-588
5765
-4233
5407
677
3784
-9296
4790
-166
891
-9379
8085
-2267
-4811
-9459
7998
-7915
2017
5621
423
-7404
-8625
-5747
-332
8108
2927
2493
-3933
-3634
-898
-7562
2600
819
4318
-7710
4984
6339
-7444
-4193
-5368
-8523
-3187
3787
-2761
-1927
-4981
827
-7446
-8012
-2559
6798
3642
9002
6321
103
3946
-2944
8509
-168
7708
9761
-3467
-9315
4804
-3616
142
8842
7260
-7840
1619
-5657
-422
-8813
-9887
3063
-5409
-4066
-9586
-9344
-240
-4989
-1590
1959
6251
8738
3370
-3877
-4493
-1993
7584
951
-6900
4489
-5043
5441
-8210
7013
411
4855
-8941
-2907
-1528
-4599
2675
3543
-2627
-3734
-2350
5275
-8473
-9468
761
-4531
2502
2728
7107
-2109
-7549
7953
-1609
-7431
3519
9472
-6594
-7507
-495
-1561
-9618
4262
-8592
-1394
8038
-5640
-4529
1171
-9347
-54
1514
4523
-8772
-9511
-3234
7887
-245
-3369
-2530
-4262
-9335
-1478
-2717
-1840
7553
-5296
-2910
-8741
-4615
1686
-5371
-9958
-1684
-7956
2356
3388
-4549
-6846
465
1833
-2241
-3082
-4370
-3262
-8734
-4225
-8903
-5687
6320
3053
-5994
6469
-5785
-278
9842
-994
5463
-3741
946
3793
-1371
8717
-6958
1375
-4687
6626
7117
-8666
-9381
4171
-3209
-1036
9154
8866
4693
663
-6226
3000
2212
-8901
-2449
-4525
-3621
943
7877
-6211
-9639
1385
-1728
1434
5144
-440
-4438
4504
2946
-6113
-9693
2157
-8570
-4877
-3536
-5926
-5654
3837
-8019
-4683
-3390
6292
7591
-6168
-2878
-3539
6991
1460
-2671
-1503
7369
7291
-1600
4179
-5884
-7683
9914
-8405
-8559
-4064
-8134
-2972
1452
-2092
3973
7981
1503
-3432
-3184
-8117
-4634
-4615
-1599
-4770
7157
-1320
5567
-1690
-8134
-6313
3171
-6523
1244
2763
-3762
-2330
-7953
-3886
-5408
-2690
2656
-8595
-9947
-2829
-9421
-7261
-7471
3675
-5681
-4211
3377
998
6586
-8397
-5511
9631
-257
-1612
-3391
8718
-3082
8259
-4073
4609
-1882
-8522
-7285
-3700
-8605
6853
1458
-9171
-5408
805
-152
4854
-5729
-3841
2294
2054
-3668
-9854
-5771
471
428
559
-7760
-580
-7313
6366
2033
-3316
-7730
-4672
2260
-7141
-7792
-1018
-7839
2505
-3122
1979
-8103
-2113
-3462
4469
782
7540
-7206
-2734
8633
3509
-5444
-7683
-3867
2052
8135
2258
-7407
7843
-8308
6466
-7050
8140
1094
2937
-4826
-7488
-3903
-449
-7305
-8184
-6509
-8709
-9764
-2471
-9387
-4705
-8291
2388
-4372
-4191
-1215
1743
8840
-1818
-1432
-3880
-2608
-3708
4962
4214
2527
-3194
3194
-1295
4713
-2989
8913
-3307
9664
-3798
-1006
7762
4381
-3055
-92
-8952
-8233
-3377
-7490
-2046
-5765
-8873
4633
-1761
-8138
5127
-2424
-6184
-7660
142
5100
-1601
-3442
-8525
-6846
935
6430
-4169
-8706
-6463
5623
7922
-7073
-1972
210
6211
1754
-3121
2253
-6707
-8680
-9216
-3473
443
999
555
-5330
-730
-2548
-625
4631
3640
-1066
8040
-2014
-1167
4248
-8461
-1236
2796
312
-2738
-4949
730
-6014
-5537
2556
4248
-445
-9831
-4550
-2819
-2699
3293
-5902
-6669
9044
2330
-9925
1003
9050
5026
4066
1738
9801
9623
3843
-9559
-6620
9695
-2082
-6341
-8637
2628
-3671
-8912
-1147
-1387
-5022
8569
-9334
-2321
-2424
-2164
-6598
-6886
-6709
-8277
-7128
-553
322
1153
5948
-5606
-4804
-5492
-7093
7411
3993
-2335
-3220
-6798
7610
-5173
-2745
-2296
-1035
8023
-9232
1715
-9748
1804
-6317
-523
2144
-8161
-9167
9285
-3101
968
-6007
6633
3885
-9652
8281
8032
6256
-91
872
-1018
-6100
2306
635
7860
2470
-474
-2863
-1657
-232
-1768
-6005
-830
-2397
-1059
8011
-2121
1033
4512
-5408
-9470
4161
-6767
258
-8075
-4094
-4809
4443
-3812
226
2718
-3517
-4776
9093
434
3224
-1907
-6418
-1133
-1373
-7996
1146
2685
6589
-9461
8237
-7151
8759
-422
-1045
2676
-7597
-1959
-3700
5811
-4775
-8858
-8406
-8985
-3386
-1197
-8995
-1633
1640
334
-9302
-8675
-1688
-1978
-7689
-5383
8457
8396
-1661
-8915
2093
-2154
-2958
1521
2911
6280
-6546
-3643
-3154
-1131
-9010
-6127
-5673
-6587
-6546
1895
2472
-5551
7241
-5359
-4354
-6476
-1788
6824
7929
-1305
-4598
2594
-2007
-3934
-7814
-5360
-4922
41
8125
2534
-5140
-7001
-5093
2620
-2309
-4708
-4883
-2283
-9598
-6057
7893
639
-990
-3076
-5973
9978
748
-7150
-7109
-3557
654
-6378
-5648
2036
1546
-8655
-9174
6061
-6096
238
7571
-3115
6405
-4701
-7945
1728
-8733
-6249
-7981
9991
8166
-4283
-4155
7093
-6813
-8579
-7089
-3133
-1702
2443
-104
-8799
-6672
-5059
-2896
-8232
-233
-3360
6296
1262
720
-8757
-2083
-375
-8782
7584
8174
984
459
3149
7014
-4305
2503
-4968
3851
-8463
-3187
-1637
-5349
-8781
-5711
-4084
-8318
1917
-3417
-2749
-6414
1268
-3753
2137
-7603
-9576
-6833
-9974
-1853
1992
382
-730
-2332
-9107
-9124
-8986
9104
-9516
-7057
1495
-3190
-8707
-1109
-3202
-8010
1299
4890
-1507
-927
-8451
3774
-686
-9828
-5932
-783
-3136
6833
5238
9911
3252
-3537
-3492
-4852
-6913
2245
-3769
1919
106
9271
2368
-3579
5258
-5843
-353
-5018
8238
-5879
7723
-9094
8706
189
1156
344
2351
-3077
-2882
1549
-7903
1836
591
3406
-5490
-4188
4651
-4121
-2157
-5258
-2259
1245
4578
-5051
-8296
-5487
9785
-773
-1376
7204
-1645
-6084
-3773
-9445
102
4286
9468
1698
-1021
-8590
2489
758
3490
774
-1591
7132
-2912
-2705
1950
-6889
-9879
2529
-2328
-4165
8277
-4447
3976
670
-915
2651
-8249
396
9751
-1000
-9565
6693
5072
7916
-3284
-4673
-8489
2124
1838
-2705
8939
1544
-8944
2826
2902
-3243
-5413
2021
-7415
4108
-224
2628
-8022
-3054
2549
-8720
3245
-4873
4062
426
-5281
677
-910
-5953
3785
-6770
-2594
-1316
-8047
6769
4709
-2045
-7580
5945
3465
6016
-8141
6497
8335
-4810
-4323
-1952
-8996
-2114
-6613
8675
3143
7377
130
-1514
-3446
-7519
-4748
5000
-2247
-9711
2487
-4786
2008
1309
-9060
-2202
-7003
-293
-1546
-9696
-1763
485
2499
791
-388
2611
8682
2983
5351
6129
7137
-4967
6600
1863
-6318
1857
-1032
-8290
-8033
1707
-7359
-2269
2437
1684
2498
2700
-132
-1418
-745
9692
-2360
2087
5012
3810
-4180
4835
-8337
615
-4104
8677
-7226
134
-2448
9533
-1123
-7714
-4377
-7266
8075
5349
711
-3017
623
-2209
-3496
-1179
-5945
8913
-9538
-5528
-9917
-5841
1121
-3948
9397
1822
9750
-8664
3917
-5994
-5069
-7804
-2496
-765
357
-3401
-1711
-8102
-9015
-8554
-8916
-9408
8725
-1004
-146
-5173
5338
7342
4428
-206
741
36
-4494
-3233
-4947
-207
-1496
-5855
-6391
3924
9854
-536
2239
-3795
-5792
5492
6499
8175
1035
-6940
3647
5618
-4988
-3274
5712
-2105
-8092
-2160
-9871
-910
-966
-2085
-3714
-6477
-9335
-8656
2735
-7964
-4584
-4107
-8051
970
844
-7224
9285
-3801
4590
285
-1676
7118
-4333
6
-271
-5993
4541
-9775
5536
1980
-9284
469
5384
-1254
-9673
-2065
-3796
700
-2477
-3637
-8589
6040
-9750
1504
-6518
-8235
6141
-7330
845
506
-912
-6745
-4894
-1734
-4143
-7323
4199
2674
4155
-4810
-1010
-169
857
996
-1083
-1711
-6033
-8293
-1766
-1755
1462
9402
-1761
-6574
9095
905
-1686
350
-5414
-4721
7776
-4179
-3121
2300
5812
-4324
-6836
-2643
2569
-3962
-5689
144
6561
-1821
8200
642
-8145
8061
-7353
-4061
9808
-710
7452
-9021
2617
-8582
-5994
-7717
-5454
-24
5675
8613
8709
3371
-1359
6339
-3664
2620
-8500
-3967
8129
-8643
-8564
-1532
-7104
-1497
-5202
-5798
-6896
-8762
5032
-9936
2516
4481
5579
-977
-8273
-8229
1312
382
-3860
-5185
-1513
5319
-4411
-4487
8259
-9150
2270
-6718
-5636
-2963
-6988
-6816
-8242
-6500
-426
-1268
-4941
-2287
-2352
-3405
-1479
-5460
-9585
5377
-8948
-9435
9891
-9862
3310
-9034
5055
3787
-2777
8222
6439
-2560
-3352
-3197
-2167
9368
1440
-1128
2667
9974
9176
-4863
-9368
-6759
-4255
8018
1014
-7027
9252
-9154
-1044
-4477
-3034
5581
-1856
2239
-667
5296
1876
-4974
-8795
-7982
-5709
1640
3465
6191
-7530
-3741
-6301
-9784
-7984
-8057
4624
7064
1504
-8843
1501
-2334
-725
2045
7632
-212
-3954
-7855
-3997
3152
1900
-1674
-848
-8817
9649
349
405
-5655
-8975
-1031
4336
-5205
-207
1323
-4468
-1145
5896
-6790
7776
-4308
4550
5290
3795
3852
7350
-1685
36
-640
-6240
-16
-1271
-7466
-3950
-1919
6806
-8064
-4417
790
-8384
-819
9066
-6885
-3612
-575
3101
-4390
-3550
9982
-1380
-4807
-2963
6754
-5407
4895
-9721
-4362
-4834
7420
-5655
6883
-6136
-5305
832
390
-7369
-9812
7839
-9818
3817
-7872
-3247
679
8613
600
-1748
5145
9861
-7849
-1683
-1038
-2187
4907
-447
1475
-9383
1211
-4572
-7736
5966
9531
-59
698
9522
1154
-2414
5257
-6843
-5536
3762
-1490
945
1064
-1620
3165
-4054
3540
-2704
-1958
4464
-6807
2584
270
2714
2199
-8794
2105
1301
-5305
-1167
-2389
9067
-9585
-3355
174
-3646
-6553
-5082
3079
-2013
-3680
-2408
1596
-7804
3509
-1348
-9929
-9342
4122
-3142
-2003
999
-8101
-5880
-8680
2035
6984
-5088
-8085
-6048
9485
-9260
199
1567
-5792
-3156
168
-320
-5121
-8893
7207
-4741
-4295
-6152
-5926
-1975
-9877
-2394
7774
-7116
-9873
-5455
-6855
-9520
1714
-9852
-5833
3338
-9694
-3208
-6497
-8895
-8303
8217
5955
6641
-7657
-3868
2096
-9321
-9265
9555
-4368
-8046
-9070
252
9904
-9722
2488
-5131
1753
-3929
2175
-3300
5415
8086
-5769
7480
9975
259
-9487
-1062
6657
4990
9438
-1020
5447
-4758
-5383
6070
-4370
-5940
-2782
-1220
-9011
2833
-1328
-8437
-8699
-9498
-3073
720
-5103
1446
945
-1595
-7778
-1314
-4206
-6424
2844
8683
-8454
3240
-9515
6464
1722
-9664
6653
-2833
-1871
5255
-8534
-5142
-7489
-345
-6682
3201
-9858
-8725
1505
2701
684
5023
269
-3689
-1750
3475
-9690
-3151
9195
-4512
1520
-3900
-9818
-5203
-2109
8848
-3216
244
2187
4462
-1658
8258
6859
-1129
4016
-1828
-7169
-5560
7683
6088
-7986
3976
8516
8298
-9961
1282
-6795
9997
-855
-4231
-6326
-9083
-613
5020
-3970
7442
-8266
2388
-9628
-6520
2073
777
-9214
-1619
1784
-9478
8345
-9022
6085
5713
934
9735
882
-7814
6096
-9353
-7915
4752
-9479
-740
-8019
-3364
-2312
9919
7236
-3209
-2936
9278
-5802
1495
-3615
-8990
976
-2453
2121
-6799
-2755
-3298
-1437
1538
-7428
-7743
-7630
-8081
1653
9359
1080
-2702
-6610
-6041
509
-410
-4134
-7968
-8325
2136
498
7775
-4211
4376
1255
-9729
-9298
-4914
-9034
-485
-6459
-6506
-6434
8456
4186
-1563
9198
2626
8364
-8915
1664
8908
-9661
-8640
-7186
-8847
8012
9752
-6662
-1294
2525
629
-752
-6822
-6921
-1687
-1163
2516
-1579
4145
-4009
-8031
-8162
-5693
6565
-6239
9473
-6320
-8031
-6854
-2948
-7293
-3492
6715
-5571
1065
-2312
4663
1771
-4459
6259
8631
-6429
-7486
966
-4013
8170
-1833
-7802
-9345
-6150
3444
2936
6278
9406
-574
313
-2477
2370
-6674
7073
-6540
-7827
-66
1101
-4414
1416
1462
-3847
-3875
-9406
-8505
-788
-7594
-2631
-6142
-6696
-7505
-5168
-5778
-5148
7879
518
-3874
-2207
1584
-8536
1370
5444
7107
7271
-5914
-1902
6519
-1404
-4285
7552
-7509
4753
-1743
-2411
-5042
3357
886
-2191
-4135
-4315
2018
-9741
-7688
-7565
-8972
-5899
468
-7132
-9544
-3269
-2422
-3927
1395
842
1273
3316
5024
510
8585
-4278
-1029
57
4095
-1826
-4962
-7817
-3343
7295
-4279
6983
-3769
-498
-7768
-5701
5590
-8521
7408
5505
2701
-7143
-182
557
5561
-5881
-4972
-6345
-4288
-6668
-6909
7182
-3534
1320
-2642
-8927
-6013
-906
-5017
-8637
-2737
9714
-3255
-5611
425
-3746
3163
1466
-4208
4231
-7382
-7120
-5282
6128
9948
-5280
-921
2090
-6234
-2414
-4192
2126
4825
1158
7518
-6780
35
1313
-4545
-5854
-845
133
-6640
-9249
6208
1477
-7707
2589
7524
-2024
-306
-5910
-9812
-629
-2581
300
-8299
-5157
-9478
-3462
-9392
1827
-3363
-1814
-2585
-8173
5169
7623
4899
-7487
415
-6356
-4564
-6332
378
1675
7858
-2048
-154
-2864
-4085
-7013
-5385
-2712
-7618
-1927
-9668
-6085
1056
-4345
61
-384
-5477
2129
-2559
-8016
-5128
-2951
-6605
8026
-1418
202
8775
-4584
664
4552
8759
2755
1417
-7157
-6446
9443
-3176
1998
-1579
-9879
5733
1412
9917
5793
-8128
2060
1174
-926
-4015
2500
1621
3208
-2606
1026
-3281
-3710
1987
929
-928
976
193
-9992
2254
-9078
875
5137
815
3803
-8911
-2088
2289
7253
-22
-2701
2322
-7099
-2399
-3631
653
2729
-266
2438
2274
-4774
6463
-1867
-7029
-5653
6453
-497
-7693
-4483
8333
-2564
-9306
3179
-9339
-6857
7659
961
-8094
-3424
3472
-9356
-6408
-7029
-9372
-5805
-3189
5535
5835
-8771
-6284
-6469
-5045
6158
-252
-5381
-6705
9724
3120
-5475
6406
-1017
-6555
573
-8310
-3413
537
-9337
8104
-9124
-9648
-7058
7004
622
4852
5625
7611
-2159
-1276
1148
-9866
3590
146
-2672
-6146
-2197
1740
6909
9381
2779
-899
83
-9308
532
7312
-3902
-3839
1047
-7596
5290
7569
-42
2627
-7862
-8773
-2421
2470
-8223
-2561
8456
-7853
-557
-5256
6125
-2790
-5302
-4385
1179
-5186
-3936
6226
-529
-2522
9593
2481
-6995
8536
5333
1105
-2414
731
5638
1164
-8936
4518
-1601
-4968
7508
3896
3438
-6023
-7363
-1755
-5941
-5832
-9256
-2639
-5232
1049
-3483
6467
558
2142
-6940
-4398
-810
-7815
-8774
-6397
7004
-8701
1767
-9577
1346
-4604
-5434
-4771
-8336
-3849
1999
-6383
-828
785
668
1596
1578
-3777
7728
-3741
2158
-6576
-6734
9312
-9266
-9548
-4831
-439
-8430
-1789
-766
-3110
-8289
-7936
-5250
-1041
-2455
4767
-8247
786
-1783
-5436
-59
-7912
273
-7185
-2422
836
-612
9269
1886
3830
809
-5360
-2679
8319
-120
1625
3020
-8589
-9547
-4108
-8017
-7643
-7002
335
8829
-4050
-8544
2404
365
-7666
48
9094
-1409
1269
118
-6984
-688
5253
6117
-5023
9160
-8496
-9847
-5410
-3438
-6424
-5146
-9929
1134
-6985
-4951
-807
-8056
-8148
-9254
2520
-1939
-3656
-9742
-1635
-7115
4439
-7282
-893
-4732
-6446
2049
-2568
3799
2019
6735
1097
-7208
-6084
-3819
9029
-4685
-6941
3758
-5417
-7602
-8865
-1643
-9931
5271
-7659
7780
3877
405
-1706
7686
-7597
-1748
5718
-6966
-2715
-1573
6678
-4041
-9899
-9052
-7636
-3616
-2375
7157
-7263
-5159
8938
1593
7096
1032
-5507
-233
-2128
-66
9109
95
-9620
-8440
-4262
-4416
-4078
-1502
6731
1849
-4559
-1394
-3150
-1714
-3961
-7232
-777
-8412
6467
2083
-6600
1158
5606
6938
9463
-9081
8366
5758
9685
-977
-9772
9298
-645
-4530
-6826
-5805
-8317
-12
-2381
-7054
2189
-1725
-7531
-4482
4341
-3804
-1455
-8346
-2842
4058
-4206
-6210
3341
-5164
-1101
3232
2675
9736
7438
-42
579
-2916
5013
-4716
-4747
-9274
284
-7574
9670
4536
-6719
-6631
-3451
-8652
-923
-3802
6835
-6427
-1864
-1649
-1270
-2384
-4767
570
-2625
-4472
7731
1044
-9659
6467
-1
-2472
915
2634
-5001
7757
-761
-9419
3623
5941
-2869
5749
1538
-701
-4426
-5901
4363
3245
4726
-9799
-3576
-5918
-2611
-9266
-7977
8895
-1256
-3830
1483
-1284
-1609
-1249
1324
9773
-2261
8255
-5532
-7931
6843
30
5756
765
-6886
-7020
-8542
2358
-1876
-3992
-4690
-3333
-8284
5928
7590
1098
-5420
3870
-7010
-4589
4000
8064
-1726
-9917
9682
7911
-9895
-132
-1356
-6175
6436
7366
1592
-5013
8838
5865
-2789
-6054
-2554
9659
-8948
-4229
-8745
1110
2056
666
-3751
2670
3145
-6075
1147
-4126
-4227
-2957
-571
-4464
-3237
-9985
-8143
-6067
-2699
-7939
2654
-6185
-8827
581
139
2082
4024
-9101
-8425
9337
5376
1300
9424
5864
-9464
-7305
8525
8629
-7150
-213
793
1743
-8295
75
6071
-3510
1883
4819
9979
-2806
-4842
6807
-9155
5374
7438
-8845
4820
431
-234
-2779
-7044
-9447
-3730
-3045
-611
-2376
-1971
-6872
-7961
-8473
-9607
-1510
-353
-1947
-4483
-5809
2529
2618
-6852
-5945
-7011
-7718
-258
-3562
-8700
-8508
-8073
-9731
392
-8968
-1569
-6408
-8865
9026
-4158
9080
8616
-5039
-1284
5907
-4080
3245
-7835
120
-2219
-7218
-2995
-3509
1869
4615
-7806
3143
1763
4771
-6409
4935
9217
-4589
-4119
3467
-3280
6952
7322
-8172
8230
-9571
-8577
7699
4153
-7850
1793
-4959
5264
-1617
-1280
143
387
4077
8213
-4798
-1342
-5798
-6248
-7752
-4942
6575
-1910
-5363
-3177
1394
-5300
7205
1558
-6877
-5714
-8959
4026
-7470
-3791
4820
-9065
-2957
2531
-4327
-6098
-1900
-6930
8775
5009
-3570
-7207
-1379
1736
-3110
-4985
-7548
-3247
-218
7933
-4813
7855
1960
7945
-77
541
4659
486
-4057
5347
8584
-8612
1667
-8213
-6802
2280
-2522
2706
-8187
-3140
5447
-155
-2729
2181
2344
3142
6448
-4365
2353
-2451
3888
-7177
1825
-749
-3810
-2361
2045
-6638
-4225
7624
4078
-5015
103
-3220
-9623
-3651
-3952
-9831
8494
-9785
2729
-275
6038
-86
-1329
8352
5862
-3579
-2334
1128
-8536
4329
-9741
-5919
-4611
-5015
-8582
2735
-7860
8666
3632
3485
5822
-9998
-4839
1896
-3860
-7850
-1569
-4128
2360
-5230
2312
-2836
-4356
-1880
-8190
2127
-4031
-3379
-6404
5004
-1486
-9202
-6791
-4732
9552
2234
-9529
6344
1830
-3618
-2740
-3606
-2850
-9335
-9917
-1291
-3243
-2628
-7705
7906
13
3452
-9717
-96
-4189
-1980
-3659
-3425
-7711
7525
-3389
-7834
-3019
-4217
-6614
-1208
-1951
9679
8268
1273
883
2628
-9666
2460
-5896
-8490
-5009
-2177
-2451
-2984
-1940
9801
758
-692
-7077
-9933
-2700
-2776
-1744
9140
48
1654
-8193
4449
-1509
8760
-5619
-5164
218
269
9679
-8275
-4481
-5191
6701
-3369
-1676
-4194
2725
-7700
282
-6031
2488
-8837
3963
-5877
-2466
-2231
-7149
3997
-6277
-490
-9934
264
-9161
-6621
-5046
6028
-8339
-7568
8227
159
6139
2665
-7764
2047
-5153
-5597
-2952
-4436
-1780
-7868
3175
-3759
2513
2147
7362
-6047
-325
-6546
-8343
-8279
-9217
688
466
6116
855
179
-3572
-5464
3629
8389
-157
-2996
-9900
-617
2920
1986
-4864
-949
-2418
-8472
-3634
-8528
-808
-3043
-5821
-1018
-4013
823
-9603
1096
6594
-1099
7653
4520
502
3472
-9980
-8068
-5047
824
-4967
56
5665
-7268
2280
-4834
6966
-4311
-9132
-75
-7173
-8522
4144
-298
-551
8833
2003
-7091
-6760
-8974
5610
-9473
5282
-3608
7187
-2137
-6040
-7435
-1402
9251
-2683
2081
-6442
-1898
-3642
5238
-2822
7464
7457
-3428
-2779
6922
-4245
867
-8741
-702
-4658
-4766
-3160
-5982
-4649
4062
-1589
6811
-8208
7405
-3119
-6349
-4241
7898
-8730
5842
-4306
-4916
-8466
6500
955
1154
-9678
-9350
-3312
-4061
-5990
-3984
4932
4948
1209
-6505
-3582
4648
-5811
171
5851
-6305
1223
-6363
6649
5800
-5594
-1867
883
7177
4812
-9360
-4697
-5504
-6839
2537
8551
-4150
-7268
1564
8938
-2556
-8773
-1806
4526
-7822
5745
-3072
-5795
5149
5257
-4688
-599
-4802
-5274
2691
-7648
-2206
-3459
-7434
-2852
2376
4255
-3259
6748
102
-7186
4047
1073
-1036
-5251
-9863
2168
4331
-2030
-3948
-1232
-1949
3178
1156
-5020
2695
7586
3929
-9269
-5722
7859
-1248
-4911
1957
-9763
-2946
-2029
-5792
-4345
-5830
8147
-1497
9511
2173
-1182
-3894
2205
-7402
-9212
3261
-956
-5566
-2508
-4268
75
-5333
-9597
8367
8899
-8947
167
9212
-3887
128
-4207
1977
-147
5012
-3169
4889
-6675
2646
1299
-7511
-327
-4165
-3388
-5614
1957
5503
9491
482
-7171
-2974
3361
-9048
-1504
-4354
5183
5597
1554
-4969
8102
-4055
-9525
-1777
-919
-7806
1622
-2369
-1658
-7399
5369
-6718
9989
4437
-8402
-9965
-6821
9654
-5349
-6602
-1651
131
-1056
-4707
-8130
-7351
-7411
-797
2176
-4296
-4681
-5250
527
-9773
-4278
-333
-1215
-6227
9184
-3349
8884
-2964
915
5189
1681
9074
3759
-4150
-5454
-741
-3573
-7768
-579
-6839
-2183
-454
-8651
-8738
6461
-8155
-6543
-406
-2630
7945
3502
-1754
-9581
-4747
-2047
5760
-6414
-4582
-1266
6616
-9888
3335
-1409
-983
-735
-630
-7665
-3476
2746
7644
9512
-519
-7185
-4895
-4275
-6800
-9227
-4695
-6920
1592
-6011
-5409
-5787
-6777
-4143
-7300
8849
-7678
3285
-3238
-7298
-8732
-8627
-4848
-6153
-766
-1363
-7239
-1764
-3728
-8208
2200
-3658
7519
-2519
-6630
-1009
-856
9984
2714
-2916
78
-5602
6282
4386
-2882
-7350
2193
184
-4485
-1393
7888
-501
2425
-3105
-2232
-4670
-186
1502
-4030
9537
7598
1076
-4602
-3149
1888
4463
-948
-6495
5741
-8734
9662
-346
4081
-305
9618
-3129
-4907
9670
-7462
-2879
-8555
4523
-1757
2365
-5282
7135
6937
-5401
1498
3192
553
9124
-9969
-1935
-3572
2722
-445
3818
-8126
-8308
3910
8361
3132
9728
521
1149
-2724
1825
-653
-8722
7777
-7663
5175
8944
-3875
-9861
9821
-3660
-6360
-2034
-920
-1852
7547
-49
2907
9551
-6890
-3443
-2924
3009
-9597
-8425
540
-3978
-7427
5454
-9631
1906
2484
-5002
-1953
-6071
-9427
-3343
-4185
-1116
-9628
-9970
-7397
-217
5791
-4579
-1990
-9014
2363
-9432
-4006
-9421
-5978
-4292
1656
-5859
-716
-1523
4023
-2729
-1172
1435
3549
2517
-991
-2258
866
-8735
-8411
2891
368
-8462
-2396
3776
2211
991
2693
-6592
1620
-1804
-7339
-4873
6100
2758
842
8440
89
-507
-7359
1619
-8515
-3854
-2037
1486
-8729
942
-534
-8527
-6555
1788
7349
5827
953
1503
-6719
4246
-6244
-2716
6114
350
-7169
-6328
4943
2312
-6768
4883
3239
-2232
2588
7683
-3791
-8014
8795
3245
-8088
-1362
934
-5752
-8521
3207
1229
-6046
9601
3940
-7957
9718
-6589
4377
-3378
1472
1983
-6115
-315
8720
6257
4702
4439
606
2276
-4077
652
3037
9035
-8301
3316
-8110
3367
9606
1221
7975
1519
-7208
-5436
-4454
-5743
-2317
-8470
-7171
1781
2704
-3839
5689
5923
869
-4659
-718
4196
2180
9969
9072
8715
6051
-5265
1755
5174
8477
-8846
-5272
882
5851
9769
1237
-1700
5676
3604
-2928
-5840
-8804
-1405
-7875
-4515
5062
-772
-2441
-2282
-928
-1921
-1291
-338
224
1574
-2318
-2525
-1186
-658
-2555
-2469
4568
2683
-5639
-4528
-4715
-1734
-3911
2150
-5396
7233
-4407
-924
-9402
8604
-6468
-9532
1183
1416
-7036
-385
1014
4066
4996
6873
-2852
-7490
396
5941
-4210
6866
-4412
-5980
-6646
5948
-1750
-4919
2270
1824
-772
1172
3454
309
-3570
1237
3991
3739
-5148
-9553
2567
7054
-124
-7511
1196
9056
773
588
-3139
-2465
-572
2888
539
7585
-8160
-5833
-4480
1560
-8954
4581
381
9606
1989
-3217
3403
-8041
-8539
-1268
-9609
-3158
4063
6923
4611
-5261
-9308
-7558
-7731
-6081
-1152
-3889
-9425
1845
-7514
-445
-1398
-8636
6498
-7492
2878
-6662
-3277
-6995
-7590
-5807
-6884
-9057
-8773
-5486
-4711
-9585
-9200
338
6544
-9765
-9989
6274
-4567
-261
-5600
-9818
-8866
-5173
632
-9563
2133
-1424
-6329
-1278
-2738
9659
-5461
-633
282
-8152
-9635
-6711
-6773
4458
2070
105
-3695
1001
-4567
-8230
-445
-1493
-5701
-2270
-5925
-1197
-8562
-3807
-7513
-1337
-3328
-2953
-4643
-7720
2486
9764
-6288
-5988
2452
8170
-5023
-3234
2704
-8585
-1352
377
-7164
-1464
9459
-9569
-9046
-7896
-9475
-4063
-8634
-6086
-6846
9290
-3554
8182
9635
-9908
-6064
5846
-8763
-4544
-5598
9714
-4402
40
-3075
8074
2324
344
-138
3749
-725
597
4334
6647
-7575
-9958
-6756
3592
-1240
7269
-4825
1138
-5305
9481
4471
267
6713
-2335
6030
806
-2892
-5711
-942
1683
-5454
2758
1102
-9394
-9609
-7907
3196
-9418
7950
7557
-2565
-9988
-3333
869
165
-8097
972
-2210
-7484
-3851
-5485
117
-5758
-6612
-7503
-2290
1091
1874
8563
-875
-2993
8370
5121
-2273
-7342
-5665
8275
-8779
1576
-8201
-5082
4241
-1390
-4288
208
-6366
-6738
7830
-1486
-6664
-4217
1031
-5013
-6661
-6296
4670
5940
-132
-1610
-2272
-5015
-4463
-3681
3124
996
-646
-1298
-4506
561
-6136
7554
-9301
2301
-287
1628
6794
-8975
-9538
-9472
1747
-4322
-8650
-9802
-9997
8442
9280
16
5290
5098
-142
-8270
-1447
-450
-6739
-9556
-8352
485
-2945
2572
2889
-7142
7552
-9871
4640
-3140
-1954
-1374
-4956
-3578
-4065
-2527
9154
-9667
-1244
1051
-4610
6534
-6070
-7679
-2922
-1798
1176
-8421
3269
-4612
-6571
5885
-7999
-2391
6327
4274
-4240
-9901
-4959
-6945
-5608
1064
-5072
-5429
-717
4726
-1203
-9478
-3800
1586
-5912
-8003
1652
9175
-4251
678
1455
-9108
630
-2594
-469
489
5165
-5479
126
-36
-9560
-8888
388
-7291
-9513
3763
319
-1812
-6180
7264
-3997
-246
4722
-4685
-4146
-3414
-3576
-476
5818
-2699
119
2658
-9512
681
8341
-7426
-3500
-4435
-3779
-4246
-8448
-9150
-8484
3226
-6515
-3398
-2263
-1100
7901
-7252
5967
101
-5735
-8120
1842
6710
4508
-3512
-142
184
8121
106
-3414
-6014
1370
2489
-5029
518
-7927
2352
-8719
-7338
-2005
-1788
-549
-886
-1196
9785
-9668
-8437
504
2837
1453
3784
6333
6972
-3080
1543
5370
3257
-9912
-3871
-9704
-6660
9923
-2100
5343
-4124
-8269
-2501
5648
3613
-9747
-9690
-307
-3668
-2550
-8186
1598
-9784
-6789
-3166
-6151
2251
-9089
141
-6792
-2551
-820
7569
-465
-5438
-6636
-4890
2817
1011
-9237
1320
2605
3345
1442
-150
-7408
8664
4442
-2557
5833
735
-3498
-8976
-2442
7953
1007
-994
1542
-8872
-7249
-8931
-2606
-8773
7541
58
-6780
-7286
-9057
-7823
-2342
-4616
-2262
382
-5362
-6263
3635
-4970
9782
2314
2079
-7979
-7576
7752
-796
-4554
9412
3004
-1955
-1176
-8756
-7451
-3007
-1471
-9869
-9991
-7685
-7571
-2239
-867
2930
746
-4468
-4718
872
438
-8121
-1165
-5014
-9431
-4412
-2371
-4440
-480
597
2188
3163
443
8621
-5296
-7185
713
-7667
6999
3137
-4386
4164
2057
-6490
-1617
-3154
-9058
2736
-170
-1346
2251
-5650
3290
6052
2295
-5581
-5940
4360
-234
5273
-1966
2132
-4810
-699
-9622
-4614
-2122
3500
-3385
2709
-5929
-4940
9952
970
-7178
8064
2536
-7951
-8390
-1210
2978
-7558
-2839
-5179
-7282
-7703
5183
6933
-1305
4709
-8929
-2532
-1297
2864
844
-8151
-950
-1355
1141
-7557
2155
-3542
-9232
-1115
300
-9232
-153
2605
-6813
4535
309
-1637
7633
9351
9140
8625
1723
5346
-6800
-9163
-3970
1221
-6783
-6377
3584
4815
-7656
-1648
2019
-3930
1367
-1081
2173
-5514
-2970
-7656
-7285
-1957
1698
-4839
-8316
6115
-4680
-3498
-1460
-2196
-4428
733
1452
-2189
2229
-7776
-7842
-17
1664
-6155
3950
-3174
-1409
-3104
-6788
-7630
1986
4662
5190
-4416
-8095
-4582
-8379
-2282
-335
6218
-8009
958
-434
7103
-6722
497
-5133
-8656
-3898
7430
19
-3975
-8466
-4179
1832
6235
287
-1608
-5173
-6652
6624
2691
1918
2800
7244
-3569
-914
-305
1508
-8248
1597
-6809
1120
-7181
-1093
-930
-4978
-9440
-8009
-7949
-4749
-8477
-1036
-5045
-3021
5061
-1536
-2478
2300
-4173
-766
-2048
-5389
3682
-6125
-3843
-4711
-6708
5199
-8224
-7539
-9159
9131
-2341
-1300
1638
-8921
-5381
-7455
928
167
4141
8762
-9167
1632
2269
-6919
0
4560
-8636
-3859
6099
-3664
-2335
-3167
-972
-1174
-2747
-8973
319
-4016
-2891
167
-5584
-604
-1875
-2594
1410
-1538
2047
-5310
-5031
-4656
-1402
4643
155
2464
4537
-4442
7206
6911
-587
9947
-8708
-871
-3414
4080
-9915
-1236
-2766
7076
4015
117
3384
-5154
-9353
-9454
-4445
832
-3220
836
-2574
-4105
-4141
-1676
-2202
5653
-2299
-1160
-5596
5729
9215
564
-6350
-4469
-6917
-282
8296
-5562
-9222
2238
-4759
-9198
-3994
-7381
2669
-2151
9205
-5476
-4923
1787
-8017
2629
-9861
-2102
9973
-7363
-6185
-8999
-5960
-5516
5063
-7790
-9935
8827
-417
-6070
-3436
2082
-2019
-1169
-1766
-6711
1812
-6744
5802
-8552
-3487
-3875
8497
-2937
-6785
2293
1906
-1563
8418
6338
-7577
-9930
1183
-3655
-672
-3942
-2517
9221
2537
1560
1348
923
882
5905
5847
-688
-7214
-3017
4409
234
2500
-8030
-9161
-8844
-4332
-6144
-5515
-6409
1021
-5267
2734
1383
-173
-5502
-6939
-7911
7135
2100
-8522
-3428
906
-3115
7245
3209
-4165
9981
-9062
-301
100
-593
194
1218
-6916
1427
-646
-4441
-7868
5452
-5201
-9397
1687
-4602
-3125
1569
-9696
6990
-2158
-444
-2143
1319
1875
-5852
8190
-6054
798
9467
-3655
-9492
79
478
-2019
-6794
-2281
2137
2424
-8301
-9231
2013
2509
2355
-5769
-4235
8618
1719
6237
-1737
-9291
702
2543
2049
2541
-5699
2344
7427
-3860
-7090
9696
4824
9683
1097
640
-8869
9570
-6247
-6466
-9098
9445
-2392
5414
-3969
-7084
1630
-4683
2432
4413
-5911
8461
-9868
-3365
-8484
-3356
-679
-8182
-8196
-5667
-5279
5246
-5030
5788
-3607
1007
7227
-1165
-9424
-4325
-9795
-9951
4642
9254
317
-8610
8724
-9021
1364
4754
-6829
4022
-4156
7267
-7492
-7590
1872
6552
5874
6977
3697
5370
-59
-9734
2341
-9383
-5033
-4936
-2680
8655
6727
-3087
-1717
-7863
-3068
-3452
-8838
2882
4035
-1409
-4866
-1070
-7466
7520
7728
-313
9724
-3367
-4768
-4397
7125
-3878
2782
-9241
7065
1929
-1737
-4577
-6679
-5514
-1093
4638
-1369
-8435
-3574
-5638
-9437
-1622
4419
1850
-1259
-4686
3076
-8833
1521
97
9587
-9470
-2761
-1661
-9449
-3171
-9527
-9220
-6258
-882
-7100
-301
-5767
-4395
680
-210
-3077
7399
-1832
-9515
9634
-4546
-2456
-7556
707
-9201
-4782
517
6349
-1054
-2420
-702
-8553
-9316
-3882
-869
-6661
1888
-230
9297
-8568
5140
-7378
4545
-4460
-9274
8250
-8919
-754
-1902
-9951
7730
-1604
-1697
6331
8805
-1950
-8919
3139
-3233
-5631
-3324
143
555
7973
-2885
1957
-1715
-2635
-9568
843
671
9814
-8703
1471
-1063
1261
2809
-9081
-6415
7327
-1560
-947
-6677
2527
-4509
-5404
-2901
-8119
-8178
3310
-6329
-2423
-6008
5090
-8348
-8767
-3734
-5754
2112
-2579
745
-4027
-6513
-6978
-6624
7519
-5918
5966
-9196
-7206
-2354
-1676
3441
1088
-2903
-8204
2066
-3540
-9610
572
-4536
-3396
-3195
7438
6396
-2483
-1739
-2057
-8275
7015
-7108
9323
-6431
-8876
-5782
-4632
471
-8330
-2840
-1986
-2176
-7272
-8506
-5964
-5806
-6170
6549
-4700
-8299
794
8561
3303
4992
3959
-5052
9206
4613
-1032
5639
9455
-3439
-7349
-5590
2676
6576
-7462
7222
-2499
2223
-6804
-3151
-5978
3912
7723
-4286
-4629
6808
-8380
8981
3156
-6703
148
2144
496
9466
-2558
9448
-3609
3531
204
9695
-2707
-4550
9149
-8049
2580
1597
-8156
3675
-9755
1583
-8568
-3900
4399
-8434
2296
-3992
-1059
-3770
-3902
-5102
974
-5614
-9241
1261
6145
5729
3659
-676
-9233
-5034
-6032
5927
-7906
849
1795
-459
7923
-2605
-4583
5411
7368
2048
5781
-6168
574
-5313
-8117
-2332
468
-7575
-3796
1843
920
4960
1910
-6079
9951
-3301
342
-9370
-6575
430
9451
7720
198
-1474
1479
-5596
-8619
2425
-8387
6612
-3796
-6808
-5991
4938
-4996
-3135
6666
2170
-6920
-3036
-2460
5026
-2114
-8065
2733
-6750
724
-6925
5292
-1841
950
5596
-473
807
-5713
2027
-8080
805
1127
-5164
-291
6583
-197
5137
-518
-8660
-4365
-1380
-6724
-7723
79
6434
-5289
-7772
-1147
-8071
-4592
4730
-2552
-8369
9141
-7330
5416
-6937
-8182
8815
9984
-3492
7974
-8259
-8116
-8592
959
9748
-6916
-4222
100
-1829
2504
-2600
-5205
-5828
-8892
-9270
-1013
1670
-6475
184
5802
-8274
3746
9688
-4648
-803
-9012
7895
-9602
-5049
2018
9373
6257
1718
-6128
-3085
-6932
-7117
-4391
1859
-7875
-2405
-7162
7583
3518
-841
-8483
-6940
-3833
-1398
-1835
-63
-3775
-2807
7882
-2125
5760
-1262
4557
-6220
8554
-6922
8061
6868
-5480
-4328
-8903
-5243
1257
3419
4345
7901
-9811
-7785
-4045
-6762
-6276
-1875
-1469
-2822
-9580
-1284
-8239
287
-1793
-5262
-4471
-5395
9490
-6201
-432
2406
3253
9413
-2345
-4216
582
-1653
8593
-9202
3362
-4394
-6334
-8266
-3781
-8330
-3337
2598
-9392
-153
-5987
-7086
-6788
-2493
-7379
-1673
-7509
-9681
-3002
9898
1271
8386
-7808
-1448
6217
2523
4988
-9307
5089
-2312
-7587
2296
-9733
-5654
-4643
-8263
-2256
1568
797
824
-354
-1780
-2763
-9358
-94
-6330
-5451
2546
9039
2251
11
-3981
1431
2475
-9309
524
-7155
-3902
-5584
-2226
7056
8677
-3128
1735
-8992
-3104
308
5132
2357
1787
743
-9996
-1070
6727
-2352
8519
-5132
173
-2099
-1639
-5745
-6035
-3074
-8688
-9638
4780
-1183
-273
-6712
-8288
-5059
-1778
-7204
-3269
2840
230
2135
5632
9582
-8618
3250
2644
-1148
7457
-399
2267
-8968
-9227
-8107
419
-1474
883
-3467
6782
-2489
7436
6825
-8949
-4189
-9976
-4155
3296
202
-6228
-243
-5695
6677
-8643
-8890
-4719
1650
1570
-8021
-5747
2326
-3642
3716
-4203
-3882
7718
-6223
-9620
6065
2151
712
-5629
-3825
-3414
-3127
241
240
508
9097
2661
1247
-7758
7148
2591
-1465
5620
-5383
-8772
-376
1781
-5362
2706
-4440
2349
2547
-5542
9039
-8095
-20
-3533
-1586
5601
-4685
8294
-8033
-2956
-7834
39
6163
600
-226
8444
998
7525
-1920
-6783
-3177
-9552
4086
5674
-8743
4185
1214
-9942
2275
-4770
-3418
-7789
5037
269
-1038
6591
27
2660
3612
-305
6876
2099
9958
5171
-5810
-6753
2121
2698
-7451
-4242
-4272
3145
-6259
-2562
1860
1473
-5524
1493
-9305
5404
7213
32
-4475
904
2294
-780
-4152
-9832
-1917
-9381
-1910
4838
9232
-8882
336
-6435
431
7262
8534
-170
-6363
4694
-3898
7011
2513
642
-7731
-6166
-6453
-270
-8497
1040
-9394
411
-1704
4737
-1899
-5985
3063
-1883
6317
1999
2151
-9358
-2462
-3218
-6547
-8113
2012
-6088
-1078
-6164
-7827
-2909
807
-6283
-8149
-1724
1622
-4149
1211
-1771
6589
-1999
-7986
2486
-5272
-6971
-79
-4013
5863
-2674
-512
-6523
6714
-9154
474
5082
-2170
-6161
2619
-5832
9647
9362
2406
-5441
-1249
904
2561
-7281
-5621
7441
-3450
-8661
-8263
-2877
951
-8995
-5060
-7011
-7375
-8518
-4897
-9347
-6621
-8571
-6389
2606
-6943
9787
2050
-3673
1430
7622
747
3407
-5705
-6287
-2795
-5052
5406
8810
2515
-8066
1587
-2215
8334
-3088
-978
-8524
-37
4177
5726
-7078
1707
-6472
-734
-6374
-575
9900
-6752
-2025
7530
-2243
-8588
9096
7016
-1908
-3096
-2749
1806
3730
-2298
-4453
-5548
-7746
4684
-1465
-9406
-9854
-2210
8036
47
-1495
607
-6722
-5042
6281
7746
298
4422
-5409
-3587
2808
-5949
-1960
-6210
-2425
6924
657
-3292
-6055
-43
-3369
-7737
-8373
7831
-3559
2678
637
-8901
-3364
909
1749
-5346
-1461
1596
-1173
-3022
9046
-7861
-4163
-1919
-9102
9792
5221
8697
293
-9187
-3794
928
-9307
-9649
-5184
-9807
6238
-6013
-7326
3971
-9579
5980
-8317
-3035
1099
-5244
-9392
-7534
-6333
-641
-3605
-2817
-2073
5094
-5669
-8135
-3543
5266
-537
-3088
7431
-8714
3360
-6835
-1552
-879
-4741
3883
-7828
4966
5706
-1055
-7526
708
5346
-6331
820
-7735
-4932
-8623
3927
-6963
-1117
3359
-2234
1978
-5970
920
-9810
4890
-6907
-8556
-7191
-493
-3960
2522
8222
-9353
150
5225
-2738
-619
-7032
-260
6001
4855
-9695
-474
-3713
1862
6979
-7035
-5523
-4655
-5792
8886
-5095
4720
-4357
9606
-5558
-4640
6983
8938
-3183
795
-6291
-1201
496
-6205
-1259
-8749
-8634
-5861
8103
855
6755
1052
6856
-1555
2261
-7003
649
789
-9936
-5295
9127
-5553
4427
3503
-8724
4265
-3325
-4754
9781
7803
-4186
-5738
-7241
-684
2580
3777
2532
-8173
-5216
-7298
-5556
475
8374
2107
-2465
-5598
3935
-5559
1785
392
-6680
-8587
-9057
-8144
2912
2303
-4505
7691
-3295
-1175
-3785
-2418
2133
-5489
976
-7695
-336
-6795
9098
2417
7619
6791
5024
467
-3150
-67
-3506
-3025
-926
-2306
5787
-4535
4762
-2361
7508
7460
-4319
585
1495
-878
-6065
-6053
1558
-4881
-4862
-4534
1373
749
2059
-659
2092
-1453
406
1917
4268
-9788
-3935
-3381
127
8571
3114
8042
-2250
2748
-8272
1260
-23
-1265
4025
-8394
-9536
-217
3953
-8595
1626
1152
-9835
6545
1126
5780
-7570
2379
182
1347
-9278
-920
-938
-4457
2249
4426
-3560
-8338
-8710
-971
-303
-8403
4978
3727
2825
-9541
-3732
-4820
2223
7347
-3598
-7836
-8919
5423
4055
-1814
-1193
8809
-8671
-3909
8111
-2456
-656
-6925
7689
-6796
-3245
-5277
1217
-144
2047
-9241
-7720
-8351
2088
-5035
-8934
5778
-8827
-6157
-952
-4068
-8424
-9237
-403
-5666
9616
1856
980
2166
-8340
-4510
3933
-6071
-5916
5250
-9109
-5307
-6713
-3713
-9214
-5944
2559
-1174
-3090
-3775
-8711
-8760
264
665
73
-3309
147
-5589
-5109
-9784
-9843
8827
1159
-9959
-7161
163
-8553
-3604
6250
2896
-6804
-323
-893
-6515
3437
-4698
322
8001
7041
-155
-6371
-4906
400
-1007
-7946
-1606
-797
-4458
-3877
2568
-1419
-7357
-8174
8201
-5498
9023
2038
-6439
-6167
3101
-5795
-3100
-5268
1456
8636
1210
3917
2593
-5523
-6209
-7091
-3010
-593
-7225
7889
2069
1390
6139
-8165
-5694
39
2172
-8932
-2427
1444
-8173
-5805
-6665
394
-4899
-5684
-994
-6978
6764
-52
-4993
3772
-2992
3790
-844
-4953
-9169
-915
1695
905
-2533
-8187
-3810
5467
5605
-4489
-7618
-5348
-8561
-5174
1941
1929
-2560
-6473
-1461
3886
8443
-953
-7848
8470
-9390
-8396
-5291
-7030
-3530
-2758
-7668
-1159
2419
-6776
880
1717
6588
-4649
7252
5857
-3136
-9026
-2571
1351
-3899
-4250
1788
-3254
-9928
7290
1218
3717
-8007
-6241
756
-5908
-2307
1198
7032
8849
-1128
-3658
-2067
-9557
855
4486
8025
2363
-6000
-7669
-6979
-855
52
7709
-9106
-3253
-5492
-681
1633
-2864
-6877
6244
-1019
2490
-6625
-3454
438
-4953
4565
8962
1167
-6281
5469
-18
-1887
-6713
2339
-9234
-2367
289
8321
-9364
8677
7995
905
9463
-4751
1620
-1944
-3867
-435
5955
-9943
-4580
-9540
-7500
-3341
8916
-6837
-1263
-6623
9397
7334
-412
-502
-9530
5199
4115
-9634
-8535
5232
9874
9078
-5663
6800
2848
-2008
-4042
6757
-6330
9058
-5319
-3384
1064
2705
-4181
-4688
-9797
9602
-804
2135
-1357
-885
-7023
2306
2623
-4886
2473
-3841
-5322
-7665
-5282
-5393
-4813
-2218
-5679
4616
223
2712
1186
-2831
-5234
-959
-9732
-1543
876
-5338
9946
6981
1753
-5296
838
-1403
-5678
9595
-1089
-8886
-9613
1220
-9763
-7397
-4422
4640
-8136
-9435
-8306
-2070
-635
-3245
-2816
-7935
-4895
-735
2000
-4016
-5611
-4599
-4590
-1043
1806
-5594
-9773
3686
-2057
-4965
-6888
-1769
677
7049
-8794
-9600
-8566
-6454
-2042
7576
6811
-8293
-9910
-8836
-9403
9725
4107
-4117
-3586
-7623
-8906
-4621
5355
-4833
-3067
-9617
-1389
315
8403
-8053
-5800
3041
-4340
-8727
7723
-2811
-7969
-2777
-2213
8178
738
1502
1137
4890
-7537
-7824
-200
203
-8088
-3171
5314
4099
-7003
-1897
6598
-9884
3790
-5133
7374
-4308
447
4106
-8817
-1152
-4075
566
-1765
2406
3977
5471
-2796
-7970
8920
6845
3458
-9242
-9403
1041
-7193
2276
-7934
-2368
3505
-9723
-2711
5311
-561
-9984
401
-7132
5543
-9153
225
6760
-9944
8863
-4355
-7511
4668
-6474
-6615
2610
-8352
-3661
813
-4839
-1642
-1781
436
-185
-1125
-3628
-5124
-611
1428
554
-3991
9077
4784
9275
-6565
-4025
4840
6048
-1471
-9810
2632
-8634
2637
-2678
-4556
-998
-2007
-1914
-6266
-8548
-4725
-7459
-8075
-2800
-5145
5304
-7623
-8609
-1568
3260
-7275
-7175
-1876
-9310
-5811
-294
-6065
-4154
5719
882
8614
-572
312
2048
-1974
-7361
7727
-8292
-7534
-9436
-6036
-2113
4473
8976
-8251
-1347
1953
5229
-5491
-4657
8600
8771
3611
-1222
-3237
6188
-8432
5002
7960
-3032
-2627
-2334
2360
-9582
-7616
-5999
3485
1619
-7055
-3388
6696
2389
-3106
803
1118
-3781
8627
87
8461
9295
2651
-6358
-9910
2747
-2035
-8876
283
2524
5953
-8209
2110
2197
-9503
-9196
-5888
-6144
-6745
-2271
1231
-6967
-1500
-5830
-3562
-9345
3265
-2765
-1532
9924
385
8972
-9199
3652
-4530
3580
925
-9621
6708
3599
-9863
-4134
-1273
5812
1830
1684
-2708
4658
-4860
-3114
9688
-9923
-442
2959
530
-1371
-7324
-3861
638
-5609
-4141
276
8060
-7906
2328
-3564
-4947
5385
-5861
-3074
-3273
-1805
1304
4368
-3605
2975
-5187
-8817
391
-9852
-6355
-9668
-6441
9127
1773
-1400
2206
-7506
-9448
8835
-5540
9652
-6830
8595
-281
-2727
6088
-534
1374
-8838
1612
474
3649
-2071
-5373
-4606
-9417
3833
-6873
-7955
-5001
-8016
1989
-228
-5362
-6229
2793
1696
4373
-7940
-5093
715
-4700
6739
-9173
3497
-6128
577
9289
-6228
-4307
-2342
2999
-2522
-2634
-391
641
-6
3567
-6423
3854
-1547
-6008
-2399
2225
-7
-4956
-8627
-7452
-2118
443
1881
1974
-5330
-1154
-7683
8098
-8034
1593
-6428
-3933
-4862
990
-8211
-8732
4460
-3489
8300
6812
-1566
-8323
7575
-5383
-8111
-9953
989
-6661
-3296
-3516
-4358
-187
-5436
1500
298
-2318
-6126
369
4923
6498
1050
-1137
-7324
-6978
-9740
8764
5117
5467
-9231
2919
2855
-9703
5727
-5335
300
-8113
4969
-8188
4398
-8756
-9642
-3151
-9545
-4396
-4191
-1572
-6087
-9580
6882
-6968
-6735
6387
-9370
1463
-8500
5380
584
6702
1073
-347
-1406
-1774
-9612
-2047
7802
-8134
9168
-2854
-9629
-8863
-3368
-5689
-2138
-4680
-2900
2554
-5315
-1915
3117
-7260
9763
648
-2069
8667
-1048
1145
-9787
-6407
5707
2075
-6734
6729
8482
-5493
-8198
2494
-7430
506
-9302
-2046
-857
-7557
9224
6778
-1900
30
8740
-1697
925
-9472
-3442
8589
2270
-6152
-3089
-5212
-8438
-1600
-4460
9514
5505
43
-7290
7375
8284
-1894
-3742
-2604
4394
-9842
-2878
2415
4096
-2179
258
872
875
395
8706
-7896
-1205
-1613
-8857
-2860
6139
8388
-7161
-7723
-7629
751
-8604
-5318
-9229
-7415
9529
-4416
-8553
-3132
-6061
1999
9615
-4479
-5759
4712
-5294
3631
8848
7454
-2029
-3510
-7791
-4543
-9076
-5274
-4133
8964
-446
-2095
-8712
9207
5355
-6605
-678
341
7049
633
-3217
-8575
9786
-5389
8822
-9131
-1742
-3590
-9200
6804
-5016
502
2361
-7393
-4079
-961
-2600
5937
11
1347
-3082
-2910
-2853
1160
-8595
1425
90
1329
5281
1887
-9206
-6363
-590
9984
9647
-3345
371
-4499
-4901
-2240
5717
3965
-5461
9501
-3577
-6186
-592
53
-3998
-5569
1585
7089
-194
5944
-4466
9264
812
3627
-1016
-7246
94
-1116
449
-2763
-246
-7585
-4259
-2944
-5391
6019
-4174
-3138
4248
4779
1343
-1269
-1250
-1750
-4904
497
978
5138
2305
3991
-1700
2413
7781
-1550
-6531
-1714
-2723
-9859
4541
-6646
-3566
-3343
4799
5961
-1620
-8627
-1417
537
-1887
1656
-5408
-1627
-9330
5031
-5749
-2747
4399
2623
6100
-9965
-9401
-1635
7192
-2454
-3836
-2697
6281
-6049
-4192
-8067
-1278
-8518
-9912
2242
-8297
-7132
7940
-8865
2065
-4196
1612
-329
-3175
-46
-9375
1210
7156
-2613
-355
4868
-6387
-5587
-1205
-274
-4936
-7916
-7819
-2172
-4744
-5812
2716
-9162
-9003
1915
7499
2222
-3267
1467
7629
2142
6916
-8973
9661
-9211
8424
-260
447
-5654
2718
-8920
2381
-7511
-7895
2402
-6251
-2611
5991
-1832
-3456
-6683
-655
-5833
-2730
-4462
-2015
-8075
-8799
-2819
-905
627
6255
-6604
-2280
2340
-5188
5546
4278
-5973
-6097
-5276
1685
5986
3365
1397
5868
7616
6218
-1656
-9397
3163
879
6015
9372
-3158
-1193
-3784
-2674
4017
180
56
9869
-7465
5458
-6300
5622
-2726
-1166
6828
3914
-2043
-4102
-7574
-1408
-6079
-4660
7089
5536
8043
1492
2145
-4979
5828
-2907
-7783
802
-7058
-504
-974
-6783
-7916
-4597
1671
4776
-7316
-289
-4935
-2746
-8647
-58
2642
-8500
-3851
5866
-4791
-5467
-3602
7500
-9818
-8084
-3315
-2307
-6747
-8076
-5380
-4753
6111
-725
-7958
-2898
-8377
-1885
-278
-5715
5203
9712
-2884
9084
5469
5807
5966
-8897
584
1381
-7935
-5628
-9370
560
-913
-7285
1945
-4008
-7379
-3159
1465
2249
2158
147
-235
-4931
-8504
-3307
8703
-34
-5317
3460
-8286
2444
2415
-6287
-76
-39
-2276
-3801
-8333
-229
-4751
4817
2218
-188
-2643
-8622
469
-4915
-4525
2723
-5754
-4813
3517
282
-7929
-9661
7501
7235
2625
-6728
-53
6006
7388
-9084
-8757
-663
2183
-5044
-5362
1093
-741
-2470
-9747
664
2236
5390
-2029
2027
-5504
9460
-1817
-2510
6099
6491
-2061
-1110
-1894
-2587
-1502
-7778
-7210
-6439
-2875
-5779
-2006
-5055
-423
-8246
-800
1522
-5587
8098
-6455
-4314
477
-1789
-1082
2481
-4317
-9287
-7645
4019
1457
-3873
-5270
7401
8826
2892
-235
6024
-5457
755
101
4619
-9713
2384
-5579
-8245
5635
667
-7801
-8590
-2788
1508
8135
-86
-8439
-646
302
6234
-8886
-5590
263
1073
-7909
-8017
4881
2948
2040
8424
-8700
-2220
701
292
-4105
4020
-5099
8455
-9022
-4023
-7987
-7993
-3327
-4301
9066
2068
8985
523
764
-8413
-2372
-8882
110
-2399
2321
2042
-9814
-7059
4497
-812
371
837
-2387
-1067
-4652
-7170
-1450
-2404
1659
-391
-3972
-5883
-3677
-6095
-8680
8189
-8775
-263
-5591
-7531
5881
-4762
-1893
-7372
9913
-9846
-3315
4050
-3608
5249
-4207
3202
-1993
1933
8727
-1328
-4293
-8505
7942
4972
-7351
5008
-4181
-4379
9483
-9273
3573
3705
-5357
8158
-6626
-6356
-7509
-2067
8752
8983
-9777
-5014
-9538
3331
-8100
752
-3046
-9674
-8405
2728
-5750
-1940
-5990
9480
7153
-5974
6891
-2509
7252
1808
-4274
-3732
-4866
-9137
-3870
-4279
1666
1049
5017
5665
7011
-2276
-5093
-6838
-7950
-6476
-8785
-1402
7670
2455
-5290
-3779
1679
-9964
8569
-7193
-6466
-6335
-6908
-8118
-5952
-6894
-7406
-6677
-3556
-7931
-6742
32
-7045
9093
2891
-9979
4605
-8114
-5244
497
6028
-1555
-5080
-3704
9129
-3027
5089
-8142
-9137
-9522
5472
5869
408
-6183
9663
-7779
-2183
-8818
-1823
-4180
6678
-7547
9464
-3153
-1198
-3176
-8374
2662
1991
-1708
-2508
-9046
-8970
8249
-8626
-8575
-1507
-7710
-9838
2771
-463
7140
-3112
353
-4637
-9034
-6364
-6539
-7481
-1487
-8894
3285
-6251
3704
-9360
-5029
-9648
-6535
-9955
-4694
1125
-2444
-6705
-8454
1879
8796
